32575552607428378624.000000 
30970575648912560128.000000 
31339214302723715072.000000 
31070838309855354880.000000 
30394597115257692160.000000 
31557902499222016000.000000 
31163834016132263936.000000 
30307080439143292928.000000 
30987058731999272960.000000 
31515486042659123200.000000 
30753503915733684224.000000 
31188680581530980352.000000 
31245272895884828672.000000 
30726614835281555456.000000 
32158328883897487360.000000 
30406008498141122560.000000 
32109470332549046272.000000 
32291111503030448128.000000 
31281948682203004928.000000 
31461827085604671488.000000 
30151107592818253824.000000 
30343671586503286784.000000 
30399883708591165440.000000 
31010005924401410048.000000 
32098657235901136896.000000 
30224751175230439424.000000 
31375766211208904704.000000 
30631932465875267584.000000 
30786940429411332096.000000 
31410642384155115520.000000 
31035896980278734848.000000 
31154405636960210944.000000 
32039402765681266688.000000 
31831041950942646272.000000 
31194711647603417088.000000 
30730590413541482496.000000 
31645948601059045376.000000 
31085610134918692864.000000 
30708632653425885184.000000 
31997085247017484288.000000 
31761872735608238080.000000 
30218496672113610752.000000 
31566636291540570112.000000 
30614726832207249408.000000 
32509642346036625408.000000 
31018122577204633600.000000 
31154482982982852608.000000 
31830891167348166656.000000 
30833688579454742528.000000 
30300940206242025472.000000 
32312781713958502400.000000 
31641206091226370048.000000 
30423794880577609728.000000 
31605585004919574528.000000 
31326384953699811328.000000 
32736929544523436032.000000 
31271381461391605760.000000 
30332291186644832256.000000 
31790072914996420608.000000 
31052791534273503232.000000 
31721689763638300672.000000 
31026219508276383744.000000 
31140853706608136192.000000 
31443842137236578304.000000 
31022286492316114944.000000 
30645206278677774336.000000 
30313744812928598016.000000 
30555035326699237376.000000 
31153465651177709568.000000 
32067094118770352128.000000 
30591063741925113856.000000 
32163902185618800640.000000 
31568544179940110336.000000 
31602811984552312832.000000 
30023855273149661184.000000 
30909231377142992896.000000 
30735345628191158272.000000 
31955840130316156928.000000 
32633423011978313728.000000 
31212320964457390080.000000 
32833801431918252032.000000 
30766124675358466048.000000 
31261290976201629696.000000 
31057210301655318528.000000 
32331357561284685824.000000 
30886934247690522624.000000 
30611352664287948800.000000 
31462631287313850368.000000 
32148425917447688192.000000 
31096509242164682752.000000 
30856012288534159360.000000 
30577531941722673152.000000 
31653189398739947520.000000 
30289629114166644736.000000 
32528685335795236864.000000 
30755521540080390144.000000 
31783634735550930944.000000 
31280184832871956480.000000 
30599194124482367488.000000 
31322151361248980992.000000 
30993966870033797120.000000 
30361155180072538112.000000 
31426020177119485952.000000 
31483687526149996544.000000 
31825671147350700032.000000 
31315700314365308928.000000 
31273805836611596288.000000 
30351446804255215616.000000 
31532148485272240128.000000 
30890956253799219200.000000 
31579114825161469952.000000 
30447391091754299392.000000 
31983070817711665152.000000 
31165229222314422272.000000 
31456114502408167424.000000 
31849864579004997632.000000 
31186524102818377728.000000 
31338394376325754880.000000 
30276688632759574528.000000 
31815905476629708800.000000 
32268564231108255744.000000 
31974572576294809600.000000 
31073635596139577344.000000 
31955838695125250048.000000 
31963267936758956032.000000 
30644254692445237248.000000 
31464164461230088192.000000 
30823848532296003584.000000 
31642464293764120576.000000 
31164624229283778560.000000 
31593525391865131008.000000 
31824746478994182144.000000 
32120457585629487104.000000 
31319836844701827072.000000 
30441909935247581184.000000 
32412486487235969024.000000 
33093674974759690240.000000 
31816190432150654976.000000 
32116509414988427264.000000 
31635523785580761088.000000 
31701187437923622912.000000 
30756847903612174336.000000 
30890346954341076992.000000 
30850987188675792896.000000 
32317824210073358336.000000 
31636361321783013376.000000 
31475996751592660992.000000 
31156867429150126080.000000 
30508511624082497536.000000 
32265740747177275392.000000 
31602249305623207936.000000 
31618078812031508480.000000 
31547449861434781696.000000 
29714101064469266432.000000 
31579024718025969664.000000 
30779844236259090432.000000 
30894886433846480896.000000 
31225849572260368384.000000 
32211512370815377408.000000 
32045907860091465728.000000 
31250940663218790400.000000 
31494627546856210432.000000 
31796197190477848576.000000 
30895849193355366400.000000 
31038951111922044928.000000 
31418473593049804800.000000 
30121884509564235776.000000 
30972409718828449792.000000 
31161910382081757184.000000 
31999483440520036352.000000 
32200122239306166272.000000 
31561655791965437952.000000 
30662128123088441344.000000 
32102981999700451328.000000 
31129970378420465664.000000 
31507902687021592576.000000 
30715288636162236416.000000 
31011019563067420672.000000 
30309056680440020992.000000 
31613310049167806464.000000 
31366029553410916352.000000 
31592334094865043456.000000 
31402488240342999040.000000 
31235852019071070208.000000 
30823103284948856832.000000 
31172108909561561088.000000 
31306301149383688192.000000 
31237000219032576000.000000 
30331291690513743872.000000 
31455273369605070848.000000 
31473451091626672128.000000 
31323158203787509760.000000 
31014405015911604224.000000 
31622353767305187328.000000 
30380543074820648960.000000 
30936185003266633728.000000 
31024167240608161792.000000 
31408263629251563520.000000 
30438534736266539008.000000 
30641016599067684864.000000 
31410155583930253312.000000 
30976642665769230336.000000 
31217673390577238016.000000 
31735164902214967296.000000 
30700928852931702784.000000 
31509435543369302016.000000 
32043645858137468928.000000 
31778586154417782784.000000 
30975588119842304000.000000 
31685050909560999936.000000 
31062464765374935040.000000 
30882091917848559616.000000 
31750378135480029184.000000 
31232362151508152320.000000 
29854257703856902144.000000 
32158729310122737664.000000 
32303976409103785984.000000 
31869118568438972416.000000 
31118865634798460928.000000 
31247548636817219584.000000 
32070665874367053824.000000 
31129308316750778368.000000 
31755842006828175360.000000 
31651871184498065408.000000 
30762163037048111104.000000 
30777683649144758272.000000 
30480846473387618304.000000 
31810839458015064064.000000 
32108638465360371712.000000 
30873929785976127488.000000 
31939257193116438528.000000 
31838195618451644416.000000 
30583111313796390912.000000 
31725713678155296768.000000 
31398086083364085760.000000 
30595128605053071360.000000 
31766847749992079360.000000 
31331586412373135360.000000 
30983972809653637120.000000 
30568065418408902656.000000 
30957937990954913792.000000 
30817440404233641984.000000 
32388009971844591616.000000 
30293617320381509632.000000 
30383769217121206272.000000 
31566793294992179200.000000 
31885506944050327552.000000 
31219468782798667776.000000 
31309252632307732480.000000 
30757681153491128320.000000 
31802608480881672192.000000 
31681780531279458304.000000 
30785674918703603712.000000 
32138756899905302528.000000 
31926813421478219776.000000 
30762548733923876864.000000 
31254372466441994240.000000 
32060607463003095040.000000 
31590206566494466048.000000 
32519946612105510912.000000 
30886044186391719936.000000 
32018872691472908288.000000 
30719963473683456000.000000 
31436664349068443648.000000 
30846475617323917312.000000 
31746396632188579840.000000 
31204966879745347584.000000 
31543336261675229184.000000 
30889670463184723968.000000 
30452415571937054720.000000 
30025674188067303424.000000 
31766551350269411328.000000 
31170674612198555648.000000 
31441707442851352576.000000 
30129493299557109760.000000 
31423365839450898432.000000 
31908220924309245952.000000 
31122895190091104256.000000 
31742553705569153024.000000 
31085053013940047872.000000 
31744204173946486784.000000 
31014600343021858816.000000 
30857752668018253824.000000 
31117033101342380032.000000 
31482766115294826496.000000 
31275539343139971072.000000 
31455462377068015616.000000 
31202564241381023744.000000 
31211157288284835840.000000 
31502284636075479040.000000 
31750224985949569024.000000 
30951227144325558272.000000 
31794675195532214272.000000 
31673361510066282496.000000 
30474614156056956928.000000 
31792288721344536576.000000 
31049375299927908352.000000 
31002442337366052864.000000 
31073149849307840512.000000 
30951068095222022144.000000 
31372254834308829184.000000 
31754170559649316864.000000 
31127992982847647744.000000 
30744984317708398592.000000 
31868568307532783616.000000 
30618223914494836736.000000 
31080178787370147840.000000 
30473804784129564672.000000 
32474984386543497216.000000 
31441253345065816064.000000 
31689192095663292416.000000 
31119284187416903680.000000 
32068455381656625152.000000 
30936545819943346176.000000 
31493494483701968896.000000 
30721501301914468352.000000 
31409492000201056256.000000 
32464322150536548352.000000 
30834160642272731136.000000 
31665395865402920960.000000 
31570542090967527424.000000 
30656830004986454016.000000 
32214156883496636416.000000 
31783013070315864064.000000 
32417069917600641024.000000 
30875683379091828736.000000 
30371629356563116032.000000 
30577142246436511744.000000 
31325365987962851328.000000 
32213267882642427904.000000 
30544787802599075840.000000 
31710162996815826944.000000 
31425093483750178816.000000 
30013176394470137856.000000 
32367796035987898368.000000 
30482781834287636480.000000 
32068319499507535872.000000 
30852234107135320064.000000 
31780018126029156352.000000 
30623306566663798784.000000 
31722761328546013184.000000 
31416983762177110016.000000 
31288803494132867072.000000 
31437557717286211584.000000 
31351057507523391488.000000 
32694807506488827904.000000 
32057136004117110784.000000 
30531185236990115840.000000 
31221562826630303744.000000 
31875045872936697856.000000 
30932233491317194752.000000 
31223476866719559680.000000 
31081758412946169856.000000 
29492998505972355072.000000 
32187265894427742208.000000 
31380448679747960832.000000 
30810620431705989120.000000 
31304662379329052672.000000 
30709810389309399040.000000 
30850931409295368192.000000 
31735774838137712640.000000 
31559362974306365440.000000 
31003214405797818368.000000 
31059442973423632384.000000 
31491006475967819776.000000 
32001300066721644544.000000 
31243545796973817856.000000 
31679313860202954752.000000 
30852024830113390592.000000 
31688925542175739904.000000 
31995968717165428736.000000 
30961682246512496640.000000 
31483974555129159680.000000 
31230567201536622592.000000 
31482628417996558336.000000 
30527304981632770048.000000 
30604493201741484032.000000 
31715075001227980800.000000 
30893217634564599808.000000 
31407414118668591104.000000 
31664005700967370752.000000 
30718377839937839104.000000 
30856138228801605632.000000 
32037615985984802816.000000 
31836003272486510592.000000 
31356264837618130944.000000 
31470501599727783936.000000 
30930300136758132736.000000 
31843866086258200576.000000 
31612301585844207616.000000 
32491507497825075200.000000 
30956836131060895744.000000 
31756316642328698880.000000 
31683624854695383040.000000 
31613808129057263616.000000 
31171600465089265664.000000 
31389260003956867072.000000 
30692801624708222976.000000 
31478402374852964352.000000 
31822293307487129600.000000 
31973421811840999424.000000 
31786271057985097728.000000 
30856463256551092224.000000 
30523104982524878848.000000 
31025216207750230016.000000 
31778587481522683904.000000 
31424487669561110528.000000 
31903936153668886528.000000 
31661580255618871296.000000 
30727868780921344000.000000 
30799365360311058432.000000 
30455226959541895168.000000 
31652678004748546048.000000 
30615381878838931456.000000 
31383007483842052096.000000 
31497654116513525760.000000 
30783594914114420736.000000 
31123531614855294976.000000 
31083388017147760640.000000 
31314464571425763328.000000 
30649391681688383488.000000 
31313294235967025152.000000 
31977711868578934784.000000 
30450420518188081152.000000 
31209762676905463808.000000 
31678652140467052544.000000 
31611671088426422272.000000 
31843888525976051712.000000 
31634958415766552576.000000 
32007028618318053376.000000 
31026525236236541952.000000 
31448266150328049664.000000 
30823865020825759744.000000 
31283331047418155008.000000 
30475313594856738816.000000 
32023087502824423424.000000 
31327338917165301760.000000 
30680335835571957760.000000 
32475139500877901824.000000 
31464536831199989760.000000 
31343115238164602880.000000 
32707262886436442112.000000 
31920195462475415552.000000 
31333016826147495936.000000 
31547758581669249024.000000 
31837195010978443264.000000 
31602938107023323136.000000 
31752390272674291712.000000 
31387589920885473280.000000 
31483020414359171072.000000 
32315446615708241920.000000 
30911910993586929664.000000 
31027469327197425664.000000 
30536919765379272704.000000 
31020714542398939136.000000 
32639003873652768768.000000 
30982025240350199808.000000 
30193288130892947456.000000 
31331732161617399808.000000 
31409854233487151104.000000 
30645327195988189184.000000 
30989406984337678336.000000 
31504433562752065536.000000 
31715577331139895296.000000 
31024534407198666752.000000 
30410578857112203264.000000 
31137261867930501120.000000 
31452248088829976576.000000 
31033262295747117056.000000 
30685977435295690752.000000 
31004265492746969088.000000 
31055441939314442240.000000 
31799252946789175296.000000 
32243803330133741568.000000 
32041396248890863616.000000 
31419452824374001664.000000 
31264492823359049728.000000 
30801769370413928448.000000 
30917001431517274112.000000 
32797874434715926528.000000 
32032887564976254976.000000 
30327073067285405696.000000 
30875393730441216000.000000 
31571926688036122624.000000 
31658105047337422848.000000 
31334748114189406208.000000 
30710021128537948160.000000 
30873757010702794752.000000 
30502540389567176704.000000 
31057497082740719616.000000 
30547655460234141696.000000 
31349982299661332480.000000 
31405775474007166976.000000 
31084460979292946432.000000 
31210746136067366912.000000 
31286610999038853120.000000 
30280414990313304064.000000 
31750207701192425472.000000 
30736335283061944320.000000 
30814089414325260288.000000 
30152609251447648256.000000 
31723458082712588288.000000 
32010727591248060416.000000 
31255015582153506816.000000 
31200673063577849856.000000 
31132820662797340672.000000 
30775426572290727936.000000 
31564178635926523904.000000 
31932436693581905920.000000 
31385102077408407552.000000 
31303568785450704896.000000 
32079148008835145728.000000 
31349044620270632960.000000 
31366144300323950592.000000 
31341369433101561856.000000 
31416270515609182208.000000 
31620573226475261952.000000 
31579169908097896448.000000 
31211743041420070912.000000 
31791253487768125440.000000 
31618111690929340416.000000 
31947300007612526592.000000 
31855061251327008768.000000 
31479416915598962688.000000 
30851011043999174656.000000 
31021193631841533952.000000 
32168201194985992192.000000 
31254248752883216384.000000 
30969723044478025728.000000 
31316719620066103296.000000 
30868682668891611136.000000 
31359276089015861248.000000 
30656501003461365760.000000 
31513567436423290880.000000 
30575176131109793792.000000 
31418711210411253760.000000 
31350523217729130496.000000 
31846266226483314688.000000 
31800845176640073728.000000 
30589362106542063616.000000 
31368159783639584768.000000 
31876130130698489856.000000 
31018431354859347968.000000 
31846910630114361344.000000 
31409998316036444160.000000 
31655035129366618112.000000 
30837737752190865408.000000 
30723344760522919936.000000 
32422948985358532608.000000 
30710646738668871680.000000 
29466951282436890624.000000 
30115994784587292672.000000 
30207159441429024768.000000 
31252179792636407808.000000 
31380342893744082944.000000 
31753562193365622784.000000 
31878263942422503424.000000 
31056438348451233792.000000 
31740911399554482176.000000 
31561152027398320128.000000 
31418194453612859392.000000 
30515737918435540992.000000 
30929887591317311488.000000 
31428447918819590144.000000 
31050562558711726080.000000 
31838728484752957440.000000 
31312048680474705920.000000 
31353698953420230656.000000 
30642911973982691328.000000 
31649754746015940608.000000 
32325141826500325376.000000 
30594244518543536128.000000 
31412951812510507008.000000 
31002377109279842304.000000 
31774203393790668800.000000 
31292631297731866624.000000 
31101820185606201344.000000 
31726163154471096320.000000 
30525115750717198336.000000 
30316261829901676544.000000 
31287184255347310592.000000 
30686264642537828352.000000 
30945712145386942464.000000 
32073893656994611200.000000 
30680864532638912512.000000 
30224737192797986816.000000 
31140967855301824512.000000 
30686531551735304192.000000 
32469824295263260672.000000 
30973704322151870464.000000 
31661355087880556544.000000 
30753416193385779200.000000 
31527281026357960704.000000 
30519158951657021440.000000 
31121343777418133504.000000 
31485802582896889856.000000 
31057032415975858176.000000 
32222377153231437824.000000 
31028604584207548416.000000 
31279999103218126848.000000 
31388893426922450944.000000 
30584367531788640256.000000 
31279517290251202560.000000 
30733216990513541120.000000 
31058346272722169856.000000 
31703413438170722304.000000 
31352346924221792256.000000 
32299516279553806336.000000 
31803042957018259456.000000 
31004411561455890432.000000 
30861959829986816000.000000 
31145087912426733568.000000 
31785161082965053440.000000 
31001768914505711616.000000 
31538231112380923904.000000 
31349653630073094144.000000 
30701738735631687680.000000 
30999923536476553216.000000 
30935992445819117568.000000 
31952864589082619904.000000 
30974811568852389888.000000 
31407161727205134336.000000 
31441055263455490048.000000 
31865263878231035904.000000 
30383005381109366784.000000 
30625334385782181888.000000 
31616234720751702016.000000 
30573491463226093568.000000 
30905027711986442240.000000 
31186594620875415552.000000 
31376593472701239296.000000 
32166069683421253632.000000 
31759072292852436992.000000 
30673667714772668416.000000 
31433266171652255744.000000 
30239935688655196160.000000 
30619729868127764480.000000 
32009078977682509824.000000 
32231666024627154944.000000 
31296758950611959808.000000 
30979775444568113152.000000 
31323964192697004032.000000 
31671308227276816384.000000 
30597929657651113984.000000 
31248997980693385216.000000 
31511679660492582912.000000 
31703737999477039104.000000 
31070628798293782528.000000 
30872053047511715840.000000 
29937533853977792512.000000 
31400536003960352768.000000 
31957908858508079104.000000 
31070782243679739904.000000 
31597904313449820160.000000 
31979494325653962752.000000 
32860521481334288384.000000 
31150731872869232640.000000 
31570050901318815744.000000 
31459360710234730496.000000 
30523600638774022144.000000 
31458889072344477696.000000 
32240187506327977984.000000 
31192960609652228096.000000 
31649487803809026048.000000 
31134203431396450304.000000 
31436238472907956224.000000 
31422621389272522752.000000 
30995332500002594816.000000 
30994130990926049280.000000 
31568006521565483008.000000 
30989899938609004544.000000 
31673344844330942464.000000 
32158509580135022592.000000 
30778268873147322368.000000 
31710203449117573120.000000 
30688708275028492288.000000 
32513710002403196928.000000 
31673508659551158272.000000 
31446256724120076288.000000 
31527207822064353280.000000 
31900187653332799488.000000 
31610988523374542848.000000 
31754784152259600384.000000 
30671825830158131200.000000 
31284293871361970176.000000 
30622314229027811328.000000 
30963892126164660224.000000 
31900159598542209024.000000 
31979395150163652608.000000 
31464328421213609984.000000 
31513869503908757504.000000 
31447027071144386560.000000 
32214326358617399296.000000 
31998358821144956928.000000 
32130040453560598528.000000 
30971425905710014464.000000 
31157555990370381824.000000 
30532072580910624768.000000 
30689608955386556416.000000 
30932100888385744896.000000 
30146709842396889088.000000 
31343504704676290560.000000 
30825893974246416384.000000 
31069385082094481408.000000 
30555446084266708992.000000 
32650289201458614272.000000 
31922946968115539968.000000 
32250636854375636992.000000 
31375108024724037632.000000 
31764982652974473216.000000 
30832913257574612992.000000 
31816399378997399552.000000 
31249425189266337792.000000 
31422537072160915456.000000 
31300828696431386624.000000 
31072087241847459840.000000 
31601739326309060608.000000 
32093712488569761792.000000 
31112847464457199616.000000 
31984219693164298240.000000 
32095441132851875840.000000 
31871763966888693760.000000 
31526412212947484672.000000 
31702642663461240832.000000 
30449002841885278208.000000 
31321878740156084224.000000 
31272969523807395840.000000 
31869175949353697280.000000 
30845231594392059904.000000 
30100862059643899904.000000 
31274454394724114432.000000 
32200893632020516864.000000 
31435256089913307136.000000 
31017399461086457856.000000 
30466592231453212672.000000 
30358737149222715392.000000 
30527240167904911360.000000 
32925117208468066304.000000 
30825230293145481216.000000 
31798901812656594944.000000 
31852291591236653056.000000 
31648136973189844992.000000 
31879470227686731776.000000 
32300264646483628032.000000 
31503396971432644608.000000 
31597156602247806976.000000 
31974374846604640256.000000 
31568177174705938432.000000 
31962857205521625088.000000 
32123894619554525184.000000 
32236285425627480064.000000 
30471592466744868864.000000 
31032148973805461504.000000 
31343552837702803456.000000 
30656477749966544896.000000 
30246101076779737088.000000 
31393717493578027008.000000 
31970438855301369856.000000 
31840966850883313664.000000 
30456496947933671424.000000 
31430578346968707072.000000 
32047090803369254912.000000 
31045220609012662272.000000 
31421612759152611328.000000 
30885400465917476864.000000 
31651750747712446464.000000 
31251783685504020480.000000 
31216217017288052736.000000 
31216423710366126080.000000 
31700776085123850240.000000 
31036469762660347904.000000 
31390357233282809856.000000 
30786350271980204032.000000 
31417502331096961024.000000 
31328723430583070720.000000 
31164102979930624000.000000 
30739424465105690624.000000 
32282463525901713408.000000 
31709830720786366464.000000 
31539891738238558208.000000 
30671560297529774080.000000 
31855461804609466368.000000 
31562231529581240320.000000 
31122683238535065600.000000 
30028764551338237952.000000 
32282373369614278656.000000 
31950396390514638848.000000 
31055251254966169600.000000 
31592821801632583680.000000 
32463581985235361792.000000 
31407477547112177664.000000 
30411840422161358848.000000 
31114473964691697664.000000 
31367144193141338112.000000 
31506121976053690368.000000 
31132603738640629760.000000 
32228988211935993856.000000 
31072118626194157568.000000 
30606332849138487296.000000 
31011561151626493952.000000 
31265425152549498880.000000 
31487270550287036416.000000 
31967325300351430656.000000 
31940737469575159808.000000 
30711414049869905920.000000 
31500858782365081600.000000 
31172202294115840000.000000 
31378591878878408704.000000 
31595552376716058624.000000 
31440927112854847488.000000 
31834265210402074624.000000 
31420280342731587584.000000 
30683872827825373184.000000 
30508663312486608896.000000 
30838002803602882560.000000 
31505879758321201152.000000 
30470687529851199488.000000 
31026053416751800320.000000 
31871861026310057984.000000 
31446116581525250048.000000 
30833119977337765888.000000 
31260847385965998080.000000 
31672783797522800640.000000 
31914439177513656320.000000 
31019159276656582656.000000 
30821731998036025344.000000 
31126768884454899712.000000 
31321740603182075904.000000 
31660024730331537408.000000 
31986525249979695104.000000 
31620149514764763136.000000 
30891296184909565952.000000 
31707659595033616384.000000 
32027497984126672896.000000 
31115555197224054784.000000 
31719530320482123776.000000 
31774301457315827712.000000 
30786094969073410048.000000 
31844822505231499264.000000 
30881363914290208768.000000 
30872990068877963264.000000 
31333290037779304448.000000 
30858247455891709952.000000 
31245808424308912128.000000 
30384095127928639488.000000 
31916940372761464832.000000 
31877591962120282112.000000 
30020513611109453824.000000 
31774736167954513920.000000 
31639119210069651456.000000 
30490566812153692160.000000 
31812210563504308224.000000 
30402455117180968960.000000 
31968376388180357120.000000 
31162839118627897344.000000 
31795382284659875840.000000 
31495848770748264448.000000 
32650771701225459712.000000 
31646391575746768896.000000 
30472779415714959360.000000 
31239365641640390656.000000 
32118060072369905664.000000 
32124323035752726528.000000 
31469524073568591872.000000 
30479033057151348736.000000 
31052728304504836096.000000 
31912746666884800512.000000 
31681691071289335808.000000 
31116209641327915008.000000 
31168665143192924160.000000 
31283065541169766400.000000 
31060244396222386176.000000 
31595138405319221248.000000 
30950320424156643328.000000 
31200626454445785088.000000 
30975562997102190592.000000 
31038611714616971264.000000 
31154194258344988672.000000 
31705229997359247360.000000 
30605200001932521472.000000 
30018525770931548160.000000 
31440570487124144128.000000 
31745414783623950336.000000 
31340837428219342848.000000 
31074013082593378304.000000 
31230032254264631296.000000 
31124548260476362752.000000 
30401625700496560128.000000 
31594154975219253248.000000 
30930629761363693568.000000 
30646261578790297600.000000 
31622738745111281664.000000 
31449181151755980800.000000 
30035519811129880576.000000 
31861249276043653120.000000 
31916698267282771968.000000 
31533044191900237824.000000 
31940651183281762304.000000 
32276306423309238272.000000 
31559767892998803456.000000 
31031233571053752320.000000 
31014907469730373632.000000 
32135835245655543808.000000 
31335592799492407296.000000 
31872389277609619456.000000 
30467855940461150208.000000 
31718901981748465664.000000 
31190742176229838848.000000 
31511731667668140032.000000 
30702417713597448192.000000 
31460082379874451456.000000 
30996478008287297536.000000 
31304363098959130624.000000 
30895369958698274816.000000 
31466080220954251264.000000 
30877284645141815296.000000 
31365422341308960768.000000 
30810894183331880960.000000 
31266314286330146816.000000 
30944099184308154368.000000 
31820550712406159360.000000 
31494007833870532608.000000 
31313781102698676224.000000 
32269843837489860608.000000 
31847845818258558976.000000 
31570517819153227776.000000 
31162806752318541824.000000 
30362425761135542272.000000 
31122237722495270912.000000 
30235118723549138944.000000 
29889254536320929792.000000 
31468292129374670848.000000 
31691911254128685056.000000 
31747915228917329920.000000 
30313302824265482240.000000 
31550418278024822784.000000 
30971485503510388736.000000 
30813162647727665152.000000 
32084517576853139456.000000 
30418602362890031104.000000 
31992863219939225600.000000 
32871662866174324736.000000 
31566381400532656128.000000 
29636427632319176704.000000 
30225054769953280000.000000 
31240941601144213504.000000 
31786997467562139648.000000 
31563449001621942272.000000 
31838643394618028032.000000 
31899861304697180160.000000 
31009140780888899584.000000 
31216759660235186176.000000 
31416137869258072064.000000 
31410231337355825152.000000 
30453357091790610432.000000 
31353776200350236672.000000 
31653080932574167040.000000 
31627874987286061056.000000 
31284113603186094080.000000 
31900695729210224640.000000 
31276570202868600832.000000 
32300788197536477184.000000 
31090642044046123008.000000 
32300695165107720192.000000 
31804228073918488576.000000 
31112775733761409024.000000 
30354063761160462336.000000 
30782164998602526720.000000 
30512938814744182784.000000 
31206581310411362304.000000 
31262595749596164096.000000 
30493752382893707264.000000 
32014344158273503232.000000 
30861134595208396800.000000 
31186455141718818816.000000 
31636889922080198656.000000 
30014930712095866880.000000 
31422840440390205440.000000 
31432246506481504256.000000 
31328851911983775744.000000 
31233834890279944192.000000 
31654973367261208576.000000 
31923035922988032000.000000 
30572801172739776512.000000 
31352947092169912320.000000 
32428196389844205568.000000 
32182003241401348096.000000 
31453610460503154688.000000 
31624632912663818240.000000 
31408623951337820160.000000 
31080162990567264256.000000 
31658054996801781760.000000 
31329067915404902400.000000 
30533233043206680576.000000 
31873925026147696640.000000 
31288025216022609920.000000 
31855386219790159872.000000 
31451306051081170944.000000 
31662963147149008896.000000 
30581011424838086656.000000 

